0.000000000000000000e+00 -6.551113123856372976e-03 1.000000000000000056e-01
1.000000000000000021e-02 4.266607987188519857e-02 1.000000000000000056e-01
2.000000000000000042e-02 -1.931730638991729226e-02 1.000000000000000056e-01
2.999999999999999889e-02 -7.903794420962752254e-02 1.000000000000000056e-01
4.000000000000000083e-02 -2.131421486197802861e-02 1.000000000000000056e-01
5.000000000000000278e-02 1.203945027571617921e-01 1.000000000000000056e-01
5.999999999999999778e-02 -1.110548835699610160e-01 1.000000000000000056e-01
7.000000000000000666e-02 7.791081356889045795e-02 1.000000000000000056e-01
8.000000000000000167e-02 1.357748142389034463e-01 1.000000000000000056e-01
8.999999999999999667e-02 -1.288168804038340443e-01 1.000000000000000056e-01
1.000000000000000056e-01 -1.509814785762197964e-01 1.000000000000000056e-01
1.100000000000000006e-01 -4.784760093635423428e-02 1.000000000000000056e-01
1.199999999999999956e-01 8.078530818911354439e-02 1.000000000000000056e-01
1.300000000000000044e-01 1.387570765891527891e-01 1.000000000000000056e-01
1.400000000000000133e-01 9.198166928300791079e-02 1.000000000000000056e-01
1.499999999999999944e-01 2.547836065596338628e-02 1.000000000000000056e-01
1.600000000000000033e-01 9.627681416679655102e-03 1.000000000000000056e-01
1.700000000000000122e-01 -9.453761108528217771e-02 1.000000000000000056e-01
1.799999999999999933e-01 9.288801374245909959e-02 1.000000000000000056e-01
1.900000000000000022e-01 1.159382551120478055e-01 1.000000000000000056e-01
2.000000000000000111e-01 -9.420300865995814843e-02 1.000000000000000056e-01
2.099999999999999922e-01 2.925152819676508226e-02 1.000000000000000056e-01
2.200000000000000011e-01 -1.732431700880261161e-01 1.000000000000000056e-01
2.300000000000000100e-01 1.306508549368833316e-01 1.000000000000000056e-01
2.399999999999999911e-01 -8.958899528142404145e-03 1.000000000000000056e-01
2.500000000000000000e-01 -5.428548741978194564e-02 1.000000000000000056e-01
2.600000000000000089e-01 -1.187872275307413628e-01 1.000000000000000056e-01
2.700000000000000178e-01 4.778913992809908501e-02 1.000000000000000056e-01
2.800000000000000266e-01 -1.572393440110828600e-01 1.000000000000000056e-01
2.899999999999999800e-01 -5.416730911916909502e-02 1.000000000000000056e-01
2.999999999999999889e-01 -1.047634008639239805e-01 1.000000000000000056e-01
3.099999999999999978e-01 2.509408191323161605e-02 1.000000000000000056e-01
3.200000000000000067e-01 7.065270836693783585e-02 1.000000000000000056e-01
3.300000000000000155e-01 -8.705884306534783512e-02 1.000000000000000056e-01
3.400000000000000244e-01 -2.892094613720697094e-03 1.000000000000000056e-01
3.500000000000000333e-01 -9.149456947430821552e-02 1.000000000000000056e-01
3.599999999999999867e-01 2.886376879717058794e-02 1.000000000000000056e-01
3.699999999999999956e-01 -1.290136584026580768e-01 1.000000000000000056e-01
3.800000000000000044e-01 -6.329873232192965125e-03 1.000000000000000056e-01
3.900000000000000133e-01 2.003648414616217011e-01 1.000000000000000056e-01
4.000000000000000222e-01 6.540538063542238045e-02 1.000000000000000056e-01
4.100000000000000311e-01 1.568383829875421853e-01 1.000000000000000056e-01
4.199999999999999845e-01 6.315389874214248633e-02 1.000000000000000056e-01
4.299999999999999933e-01 -4.082275846764808064e-02 1.000000000000000056e-01
4.400000000000000022e-01 4.444690433010935887e-02 1.000000000000000056e-01
4.500000000000000111e-01 -1.066309961878204593e-01 1.000000000000000056e-01
4.600000000000000200e-01 1.745269208447794984e-01 1.000000000000000056e-01
4.700000000000000289e-01 5.985620567245163864e-02 1.000000000000000056e-01
4.799999999999999822e-01 2.318370549501511113e-01 1.000000000000000056e-01
4.899999999999999911e-01 5.762423206762671279e-01 1.000000000000000056e-01
5.000000000000000000e-01 1.038428929687982283e+00 1.000000000000000056e-01
5.100000000000000089e-01 6.504235313150070752e-01 1.000000000000000056e-01
5.200000000000000178e-01 1.255170259523462617e-01 1.000000000000000056e-01
5.300000000000000266e-01 1.010193034405698284e-03 1.000000000000000056e-01
5.400000000000000355e-01 1.725552911693019054e-01 1.000000000000000056e-01
5.500000000000000444e-01 -2.908552416754098952e-02 1.000000000000000056e-01
5.600000000000000533e-01 -1.530514371029636708e-02 1.000000000000000056e-01
5.700000000000000622e-01 -7.046735678870789943e-02 1.000000000000000056e-01
5.799999999999999600e-01 3.054787481725498299e-01 1.000000000000000056e-01
5.899999999999999689e-01 4.964533590288782716e-01 1.000000000000000056e-01
5.999999999999999778e-01 1.069838021838656505e+00 1.000000000000000056e-01
6.099999999999999867e-01 6.115619964202682057e-01 1.000000000000000056e-01
6.199999999999999956e-01 2.053366474813785314e-01 1.000000000000000056e-01
6.300000000000000044e-01 -2.929360594320593383e-03 1.000000000000000056e-01
6.400000000000000133e-01 -5.100282354830831116e-02 1.000000000000000056e-01
6.500000000000000222e-01 -8.135078583574849309e-02 1.000000000000000056e-01
6.600000000000000311e-01 -1.522690026986589784e-01 1.000000000000000056e-01
6.700000000000000400e-01 7.763460016428573585e-03 1.000000000000000056e-01
6.800000000000000488e-01 2.361427215230094689e-01 1.000000000000000056e-01
6.900000000000000577e-01 5.875126693334472572e-01 1.000000000000000056e-01
7.000000000000000666e-01 1.436249938436608753e+00 1.000000000000000056e-01
7.099999999999999645e-01 8.353485562652251950e-01 1.000000000000000056e-01
7.199999999999999734e-01 2.330110821862166615e-01 1.000000000000000056e-01
7.299999999999999822e-01 -2.964775466590571090e-02 1.000000000000000056e-01
7.399999999999999911e-01 -1.406952331229528903e-02 1.000000000000000056e-01
7.500000000000000000e-01 -1.827368355485689821e-01 1.000000000000000056e-01
7.600000000000000089e-01 4.618428696665703020e-02 1.000000000000000056e-01
7.700000000000000178e-01 9.592481015633660957e-02 1.000000000000000056e-01
7.800000000000000266e-01 -1.146030240585448334e-01 1.000000000000000056e-01
7.900000000000000355e-01 -1.019294288885591176e-01 1.000000000000000056e-01
8.000000000000000444e-01 -1.017753045497575906e-02 1.000000000000000056e-01
8.100000000000000533e-01 -2.173777113373815892e-02 1.000000000000000056e-01
8.200000000000000622e-01 -1.657106442189234530e-01 1.000000000000000056e-01
8.300000000000000711e-01 -1.484017105242124192e-02 1.000000000000000056e-01
8.399999999999999689e-01 -1.044894039714918954e-01 1.000000000000000056e-01
8.499999999999999778e-01 6.362355960437739155e-02 1.000000000000000056e-01
8.599999999999999867e-01 -2.235343871214173772e-02 1.000000000000000056e-01
8.699999999999999956e-01 2.326567145319241858e-01 1.000000000000000056e-01
8.800000000000000044e-01 -1.477728785216693430e-01 1.000000000000000056e-01
8.900000000000000133e-01 -3.914985482590124799e-02 1.000000000000000056e-01
9.000000000000000222e-01 5.276709809693078818e-02 1.000000000000000056e-01
9.100000000000000311e-01 -1.433508919356347167e-01 1.000000000000000056e-01
9.200000000000000400e-01 -1.067752052032708114e-02 1.000000000000000056e-01
9.300000000000000488e-01 9.183441148027547338e-03 1.000000000000000056e-01
9.400000000000000577e-01 -5.918218188257243217e-02 1.000000000000000056e-01
9.500000000000000666e-01 2.713059953937996716e-04 1.000000000000000056e-01
9.599999999999999645e-01 -1.752291123240461435e-01 1.000000000000000056e-01
9.699999999999999734e-01 -4.426412293029205469e-02 1.000000000000000056e-01
9.799999999999999822e-01 -4.505668386706848660e-02 1.000000000000000056e-01
9.899999999999999911e-01 -6.111852100715001179e-02 1.000000000000000056e-01
1.000000000000000000e+00 4.499331560539970853e-02 1.000000000000000056e-01
